sintab1.c	partab2.c	tritab3.c	steptab4.c	pwm75tab5.c	pwm50tab6.c	pwm25tab7.c	pwm10tab8.c
7	0	-2038	2047	2047	2047	2047	2047
19	16	-2030	2047	2047	2047	2047	2047
32	32	-2022	2047	2047	2047	2047	2047
44	48	-2014	2047	2047	2047	2047	2047
57	63	-2006	2047	2047	2047	2047	2047
70	79	-1998	2047	2047	2047	2047	2047
82	94	-1990	2047	2047	2047	2047	2047
95	109	-1982	2047	2047	2047	2047	2047
107	125	-1974	2047	2047	2047	2047	2047
120	140	-1966	2047	2047	2047	2047	2047
132	155	-1958	2047	2047	2047	2047	2047
145	170	-1950	2047	2047	2047	2047	2047
157	185	-1942	2047	2047	2047	2047	2047
170	200	-1934	2047	2047	2047	2047	2047
182	215	-1926	2047	2047	2047	2047	2047
195	230	-1918	2047	2047	2047	2047	2047
207	245	-1910	2047	2047	2047	2047	2047
220	260	-1902	2047	2047	2047	2047	2047
232	275	-1894	2047	2047	2047	2047	2047
245	289	-1886	2047	2047	2047	2047	2047
257	304	-1878	2047	2047	2047	2047	2047
270	318	-1870	2047	2047	2047	2047	2047
282	333	-1862	2047	2047	2047	2047	2047
295	347	-1854	2047	2047	2047	2047	2047
307	362	-1846	2047	2047	2047	2047	2047
319	376	-1838	2047	2047	2047	2047	0
332	390	-1830	2047	2047	2047	2047	0
344	404	-1822	2047	2047	2047	2047	0
357	418	-1814	2047	2047	2047	2047	0
369	432	-1806	2047	2047	2047	2047	0
381	446	-1798	2047	2047	2047	2047	0
394	460	-1790	2047	2047	2047	2047	0
406	474	-1782	2047	2047	2047	2047	0
418	488	-1774	2047	2047	2047	2047	0
430	501	-1766	2047	2047	2047	2047	0
443	515	-1758	2047	2047	2047	2047	0
455	529	-1750	2047	2047	2047	2047	0
467	542	-1742	2047	2047	2047	2047	0
479	556	-1734	2047	2047	2047	2047	0
492	569	-1726	2047	2047	2047	2047	0
504	582	-1718	2047	2047	2047	2047	0
516	596	-1710	2047	2047	2047	2047	0
528	609	-1702	2047	2047	2047	2047	0
540	622	-1694	2047	2047	2047	2047	0
552	635	-1686	2047	2047	2047	2047	0
564	648	-1678	2047	2047	2047	2047	0
577	661	-1670	2047	2047	2047	2047	0
589	674	-1662	2047	2047	2047	2047	0
601	687	-1654	2047	2047	2047	2047	0
613	700	-1646	2047	2047	2047	2047	0
625	712	-1638	2047	2047	2047	2047	0
636	725	-1630	2047	2047	2047	2047	0
648	738	-1622	2047	2047	2047	2047	0
660	750	-1614	2047	2047	2047	2047	0
672	763	-1606	2047	2047	2047	2047	0
684	775	-1598	2047	2047	2047	2047	0
696	787	-1590	2047	2047	2047	2047	0
708	800	-1582	2047	2047	2047	2047	0
719	812	-1574	2047	2047	2047	2047	0
731	824	-1566	2047	2047	2047	2047	0
743	836	-1558	2047	2047	2047	2047	0
755	848	-1550	2047	2047	2047	2047	0
766	860	-1542	2047	2047	2047	2047	0
778	872	-1534	2047	2047	2047	2047	0
789	884	-1526	2047	2047	2047	2047	0
801	896	-1518	2047	2047	2047	2047	0
813	907	-1510	2047	2047	2047	2047	0
824	919	-1502	2047	2047	2047	2047	0
836	931	-1494	2047	2047	2047	2047	0
847	942	-1486	2047	2047	2047	2047	0
858	954	-1478	2047	2047	2047	2047	0
870	965	-1470	2047	2047	2047	2047	0
881	977	-1462	2047	2047	2047	2047	0
892	988	-1454	2047	2047	2047	2047	0
904	999	-1446	2047	2047	2047	2047	0
915	1010	-1438	2047	2047	2047	2047	0
926	1021	-1430	2047	2047	2047	2047	0
937	1032	-1422	2047	2047	2047	2047	0
949	1043	-1414	2047	2047	2047	2047	0
960	1054	-1406	2047	2047	2047	2047	0
971	1065	-1398	2047	2047	2047	2047	0
982	1076	-1390	2047	2047	2047	2047	0
993	1087	-1382	2047	2047	2047	2047	0
1004	1097	-1374	2047	2047	2047	2047	0
1015	1108	-1366	2047	2047	2047	2047	0
1026	1119	-1358	2047	2047	2047	2047	0
1036	1129	-1350	2047	2047	2047	2047	0
1047	1140	-1342	2047	2047	2047	2047	0
1058	1150	-1334	2047	2047	2047	2047	0
1069	1160	-1326	2047	2047	2047	2047	0
1079	1170	-1318	2047	2047	2047	2047	0
1090	1181	-1310	2047	2047	2047	2047	0
1101	1191	-1302	2047	2047	2047	2047	0
1111	1201	-1294	2047	2047	2047	2047	0
1122	1211	-1286	2047	2047	2047	2047	0
1132	1221	-1278	2047	2047	2047	2047	0
1143	1231	-1270	2047	2047	2047	2047	0
1153	1240	-1262	2047	2047	2047	2047	0
1163	1250	-1254	2047	2047	2047	2047	0
1174	1260	-1246	2047	2047	2047	2047	0
1184	1269	-1238	2047	2047	2047	2047	0
1194	1279	-1230	2047	2047	2047	2047	0
1204	1289	-1222	2047	2047	2047	2047	0
1215	1298	-1214	2047	2047	2047	2047	0
1225	1307	-1206	2047	2047	2047	2047	0
1235	1317	-1198	2047	2047	2047	2047	0
1245	1326	-1190	2047	2047	2047	2047	0
1255	1335	-1182	2047	2047	2047	2047	0
1265	1344	-1174	2047	2047	2047	2047	0
1274	1353	-1166	2047	2047	2047	2047	0
1284	1362	-1158	2047	2047	2047	2047	0
1294	1371	-1150	2047	2047	2047	2047	0
1304	1380	-1142	2047	2047	2047	2047	0
1313	1389	-1134	2047	2047	2047	2047	0
1323	1398	-1126	2047	2047	2047	2047	0
1332	1406	-1118	2047	2047	2047	2047	0
1342	1415	-1110	2047	2047	2047	2047	0
1351	1424	-1102	2047	2047	2047	2047	0
1361	1432	-1095	2047	2047	2047	2047	0
1370	1441	-1087	2047	2047	2047	2047	0
1379	1449	-1079	2047	2047	2047	2047	0
1389	1457	-1071	2047	2047	2047	2047	0
1398	1466	-1063	2047	2047	2047	2047	0
1407	1474	-1055	2047	2047	2047	2047	0
1416	1482	-1047	2047	2047	2047	2047	0
1425	1490	-1039	2047	2047	2047	2047	0
1434	1498	-1031	2047	2047	2047	2047	0
1443	1506	-1023	2047	2047	2047	2047	0
1452	1514	-1015	2047	2047	2047	2047	0
1461	1522	-1007	2047	2047	2047	2047	0
1470	1529	-999	2047	2047	2047	2047	0
1478	1537	-991	2047	2047	2047	2047	0
1487	1545	-983	2047	2047	2047	2047	0
1496	1552	-975	2047	2047	2047	2047	0
1504	1560	-967	2047	2047	2047	2047	0
1513	1567	-959	2047	2047	2047	2047	0
1521	1575	-951	2047	2047	2047	2047	0
1529	1582	-943	2047	2047	2047	2047	0
1538	1589	-935	2047	2047	2047	2047	0
1546	1597	-927	2047	2047	2047	2047	0
1554	1604	-919	2047	2047	2047	0	0
1562	1611	-911	2047	2047	2047	0	0
1570	1618	-903	2047	2047	2047	0	0
1578	1625	-895	2047	2047	2047	0	0
1586	1632	-887	2047	2047	2047	0	0
1594	1639	-879	2047	2047	2047	0	0
1602	1645	-871	2047	2047	2047	0	0
1610	1652	-863	2047	2047	2047	0	0
1618	1659	-855	2047	2047	2047	0	0
1625	1665	-847	2047	2047	2047	0	0
1633	1672	-839	2047	2047	2047	0	0
1641	1678	-831	2047	2047	2047	0	0
1648	1685	-823	2047	2047	2047	0	0
1655	1691	-815	2047	2047	2047	0	0
1663	1697	-807	2047	2047	2047	0	0
1670	1704	-799	2047	2047	2047	0	0
1677	1710	-791	2047	2047	2047	0	0
1684	1716	-783	2047	2047	2047	0	0
1692	1722	-775	2047	2047	2047	0	0
1699	1728	-767	2047	2047	2047	0	0
1706	1734	-759	2047	2047	2047	0	0
1712	1740	-751	2047	2047	2047	0	0
1719	1745	-743	2047	2047	2047	0	0
1726	1751	-735	2047	2047	2047	0	0
1733	1757	-727	2047	2047	2047	0	0
1739	1762	-719	2047	2047	2047	0	0
1746	1768	-711	2047	2047	2047	0	0
1753	1773	-703	2047	2047	2047	0	0
1759	1779	-695	2047	2047	2047	0	0
1765	1784	-687	2047	2047	2047	0	0
1772	1789	-679	2047	2047	2047	0	0
1778	1795	-671	2047	2047	2047	0	0
1784	1800	-663	2047	2047	2047	0	0
1790	1805	-655	2047	2047	2047	0	0
1796	1810	-647	2047	2047	2047	0	0
1802	1815	-639	2047	2047	2047	0	0
1808	1820	-631	2047	2047	2047	0	0
1814	1825	-623	2047	2047	2047	0	0
1820	1829	-615	2047	2047	2047	0	0
1826	1834	-607	2047	2047	2047	0	0
1831	1839	-599	2047	2047	2047	0	0
1837	1844	-591	2047	2047	2047	0	0
1842	1848	-583	2047	2047	2047	0	0
1848	1853	-575	2047	2047	2047	0	0
1853	1857	-567	2047	2047	2047	0	0
1858	1861	-559	2047	2047	2047	0	0
1864	1866	-551	2047	2047	2047	0	0
1869	1870	-543	2047	2047	2047	0	0
1874	1874	-535	2047	2047	2047	0	0
1879	1878	-527	2047	2047	2047	0	0
1884	1882	-519	2047	2047	2047	0	0
1889	1886	-511	2047	2047	2047	0	0
1894	1890	-503	2047	2047	2047	0	0
1898	1894	-495	2047	2047	2047	0	0
1903	1898	-487	2047	2047	2047	0	0
1908	1902	-479	2047	2047	2047	0	0
1912	1905	-471	2047	2047	2047	0	0
1917	1909	-463	2047	2047	2047	0	0
1921	1912	-455	2047	2047	2047	0	0
1925	1916	-447	2047	2047	2047	0	0
1929	1919	-439	2047	2047	2047	0	0
1934	1923	-431	2047	2047	2047	0	0
1938	1926	-423	2047	2047	2047	0	0
1942	1929	-415	2047	2047	2047	0	0
1946	1932	-407	2047	2047	2047	0	0
1950	1936	-399	2047	2047	2047	0	0
1953	1939	-391	2047	2047	2047	0	0
1957	1942	-383	2047	2047	2047	0	0
1961	1945	-375	2047	2047	2047	0	0
1964	1947	-367	2047	2047	2047	0	0
1968	1950	-359	2047	2047	2047	0	0
1971	1953	-351	2047	2047	2047	0	0
1975	1956	-343	2047	2047	2047	0	0
1978	1958	-335	2047	2047	2047	0	0
1981	1961	-327	2047	2047	2047	0	0
1984	1963	-319	2047	2047	2047	0	0
1987	1966	-311	2047	2047	2047	0	0
1990	1968	-303	2047	2047	2047	0	0
1993	1971	-295	2047	2047	2047	0	0
1996	1973	-287	2047	2047	2047	0	0
1999	1975	-279	2047	2047	2047	0	0
2001	1977	-271	2047	2047	2047	0	0
2004	1979	-263	2047	2047	2047	0	0
2006	1981	-255	2047	2047	2047	0	0
2009	1983	-247	2047	2047	2047	0	0
2011	1985	-239	2047	2047	2047	0	0
2014	1987	-231	2047	2047	2047	0	0
2016	1989	-223	2047	2047	2047	0	0
2018	1990	-215	2047	2047	2047	0	0
2020	1992	-207	2047	2047	2047	0	0
2022	1994	-199	2047	2047	2047	0	0
2024	1995	-191	2047	2047	2047	0	0
2026	1997	-183	2047	2047	2047	0	0
2028	1998	-175	2047	2047	2047	0	0
2029	1999	-167	2047	2047	2047	0	0
2031	2001	-159	2047	2047	2047	0	0
2032	2002	-151	2047	2047	2047	0	0
2034	2003	-143	2047	2047	2047	0	0
2035	2004	-135	2047	2047	2047	0	0
2037	2005	-127	2047	2047	2047	0	0
2038	2006	-119	2047	2047	2047	0	0
2039	2007	-111	2047	2047	2047	0	0
2040	2008	-103	2047	2047	2047	0	0
2041	2008	-95	2047	2047	2047	0	0
2042	2009	-87	2047	2047	2047	0	0
2043	2010	-79	2047	2047	2047	0	0
2044	2010	-71	2047	2047	2047	0	0
2044	2011	-63	2047	2047	2047	0	0
2045	2011	-55	2047	2047	2047	0	0
2045	2012	-47	2047	2047	2047	0	0
2046	2012	-39	2047	2047	2047	0	0
2046	2012	-31	2047	2047	2047	0	0
2047	2013	-23	2047	2047	2047	0	0
2047	2013	-15	2047	2047	2047	0	0
2047	2013	-7	2047	2047	2047	0	0
2047	2013	1	2047	2047	0	0	0
2047	2013	9	2047	2047	0	0	0
2047	2013	17	2047	2047	0	0	0
2047	2013	25	2047	2047	0	0	0
2047	2012	33	2047	2047	0	0	0
2046	2012	41	2047	2047	0	0	0
2046	2012	49	2047	2047	0	0	0
2045	2011	57	2047	2047	0	0	0
2045	2011	65	2047	2047	0	0	0
2044	2010	73	2047	2047	0	0	0
2044	2010	81	2047	2047	0	0	0
2043	2009	89	2047	2047	0	0	0
2042	2008	97	2047	2047	0	0	0
2041	2008	105	2047	2047	0	0	0
2040	2007	113	2047	2047	0	0	0
2039	2006	121	2047	2047	0	0	0
2038	2005	129	2047	2047	0	0	0
2037	2004	137	2047	2047	0	0	0
2035	2003	145	2047	2047	0	0	0
2034	2002	153	2047	2047	0	0	0
2032	2000	161	2047	2047	0	0	0
2031	1999	169	2047	2047	0	0	0
2029	1998	177	2047	2047	0	0	0
2028	1996	185	2047	2047	0	0	0
2026	1995	193	2047	2047	0	0	0
2024	1994	201	2047	2047	0	0	0
2022	1992	209	2047	2047	0	0	0
2020	1990	217	2047	2047	0	0	0
2018	1989	225	2047	2047	0	0	0
2016	1987	233	2047	2047	0	0	0
2014	1985	241	2047	2047	0	0	0
2011	1983	249	2047	2047	0	0	0
2009	1981	257	2047	2047	0	0	0
2006	1979	264	2047	2047	0	0	0
2004	1977	272	2047	2047	0	0	0
2001	1975	280	2047	2047	0	0	0
1999	1973	288	2047	2047	0	0	0
1996	1970	296	2047	2047	0	0	0
1993	1968	304	2047	2047	0	0	0
1990	1966	312	2047	2047	0	0	0
1987	1963	320	2047	2047	0	0	0
1984	1961	328	2047	2047	0	0	0
1981	1958	336	2047	2047	0	0	0
1978	1956	344	2047	2047	0	0	0
1975	1953	352	2047	2047	0	0	0
1971	1950	360	2047	2047	0	0	0
1968	1947	368	2047	2047	0	0	0
1964	1944	376	2047	2047	0	0	0
1961	1942	384	2047	2047	0	0	0
1957	1939	392	2047	2047	0	0	0
1953	1935	400	2047	2047	0	0	0
1950	1932	408	2047	2047	0	0	0
1946	1929	416	2047	2047	0	0	0
1942	1926	424	2047	2047	0	0	0
1938	1923	432	2047	2047	0	0	0
1934	1919	440	2047	2047	0	0	0
1929	1916	448	2047	2047	0	0	0
1925	1912	456	2047	2047	0	0	0
1921	1909	464	2047	2047	0	0	0
1917	1905	472	2047	2047	0	0	0
1912	1901	480	2047	2047	0	0	0
1908	1898	488	2047	2047	0	0	0
1903	1894	496	2047	2047	0	0	0
1898	1890	504	2047	2047	0	0	0
1894	1886	512	2047	2047	0	0	0
1889	1882	520	2047	2047	0	0	0
1884	1878	528	2047	2047	0	0	0
1879	1874	536	2047	2047	0	0	0
1874	1870	544	2047	2047	0	0	0
1869	1865	552	2047	2047	0	0	0
1864	1861	560	2047	2047	0	0	0
1858	1857	568	2047	2047	0	0	0
1853	1852	576	2047	2047	0	0	0
1848	1848	584	2047	2047	0	0	0
1842	1843	592	2047	2047	0	0	0
1837	1839	600	2047	2047	0	0	0
1831	1834	608	2047	2047	0	0	0
1826	1829	616	2047	2047	0	0	0
1820	1824	624	2047	2047	0	0	0
1814	1820	632	2047	2047	0	0	0
1808	1815	640	2047	2047	0	0	0
1802	1810	648	2047	2047	0	0	0
1796	1805	656	2047	2047	0	0	0
1790	1800	664	2047	2047	0	0	0
1784	1794	672	2047	2047	0	0	0
1778	1789	680	2047	2047	0	0	0
1772	1784	688	2047	2047	0	0	0
1765	1778	696	2047	2047	0	0	0
1759	1773	704	2047	2047	0	0	0
1753	1768	712	2047	2047	0	0	0
1746	1762	720	2047	2047	0	0	0
1739	1756	728	2047	2047	0	0	0
1733	1751	736	2047	2047	0	0	0
1726	1745	744	2047	2047	0	0	0
1719	1739	752	2047	2047	0	0	0
1712	1733	760	2047	2047	0	0	0
1706	1727	768	2047	2047	0	0	0
1699	1722	776	2047	2047	0	0	0
1692	1715	784	2047	2047	0	0	0
1684	1709	792	2047	2047	0	0	0
1677	1703	800	2047	2047	0	0	0
1670	1697	808	2047	2047	0	0	0
1663	1691	816	2047	2047	0	0	0
1655	1684	824	2047	2047	0	0	0
1648	1678	832	2047	2047	0	0	0
1641	1671	840	2047	2047	0	0	0
1633	1665	848	2047	2047	0	0	0
1625	1658	856	2047	2047	0	0	0
1618	1652	864	2047	2047	0	0	0
1610	1645	872	2047	2047	0	0	0
1602	1638	880	2047	2047	0	0	0
1594	1631	888	2047	2047	0	0	0
1586	1624	896	2047	2047	0	0	0
1578	1617	904	2047	2047	0	0	0
1570	1610	912	2047	2047	0	0	0
1562	1603	920	2047	2047	0	0	0
1554	1596	928	2047	2047	0	0	0
1546	1589	936	2047	2047	0	0	0
1538	1582	944	2047	2047	0	0	0
1529	1574	952	2047	2047	0	0	0
1521	1567	960	2047	2047	0	0	0
1513	1560	968	2047	2047	0	0	0
1504	1552	976	2047	2047	0	0	0
1496	1544	984	2047	2047	0	0	0
1487	1537	992	2047	2047	0	0	0
1478	1529	1000	2047	2047	0	0	0
1470	1521	1008	2047	2047	0	0	0
1461	1513	1016	2047	2047	0	0	0
1452	1506	1024	2047	0	0	0	0
1443	1498	1032	2047	0	0	0	0
1434	1490	1040	2047	0	0	0	0
1425	1482	1048	2047	0	0	0	0
1416	1473	1056	2047	0	0	0	0
1407	1465	1064	2047	0	0	0	0
1398	1457	1072	2047	0	0	0	0
1389	1449	1080	2047	0	0	0	0
1379	1440	1088	2047	0	0	0	0
1370	1432	1096	2047	0	0	0	0
1361	1423	1104	2047	0	0	0	0
1351	1415	1112	2047	0	0	0	0
1342	1406	1120	2047	0	0	0	0
1332	1397	1128	2047	0	0	0	0
1323	1389	1136	2047	0	0	0	0
1313	1380	1144	2047	0	0	0	0
1304	1371	1152	2047	0	0	0	0
1294	1362	1160	2047	0	0	0	0
1284	1353	1168	2047	0	0	0	0
1274	1344	1176	2047	0	0	0	0
1265	1335	1184	2047	0	0	0	0
1255	1325	1192	2047	0	0	0	0
1245	1316	1200	2047	0	0	0	0
1235	1307	1208	2047	0	0	0	0
1225	1298	1216	2047	0	0	0	0
1215	1288	1224	2047	0	0	0	0
1204	1279	1232	2047	0	0	0	0
1194	1269	1240	2047	0	0	0	0
1184	1259	1248	2047	0	0	0	0
1174	1250	1256	2047	0	0	0	0
1163	1240	1264	2047	0	0	0	0
1153	1230	1272	2047	0	0	0	0
1143	1220	1280	2047	0	0	0	0
1132	1210	1288	2047	0	0	0	0
1122	1200	1296	2047	0	0	0	0
1111	1190	1304	2047	0	0	0	0
1101	1180	1312	2047	0	0	0	0
1090	1170	1320	2047	0	0	0	0
1079	1160	1328	2047	0	0	0	0
1069	1149	1336	2047	0	0	0	0
1058	1139	1344	2047	0	0	0	0
1047	1129	1352	2047	0	0	0	0
1036	1118	1360	2047	0	0	0	0
1026	1108	1368	2047	0	0	0	0
1015	1097	1376	2047	0	0	0	0
1004	1086	1384	2047	0	0	0	0
993	1075	1392	2047	0	0	0	0
982	1065	1400	2047	0	0	0	0
971	1054	1408	2047	0	0	0	0
960	1043	1416	2047	0	0	0	0
949	1032	1424	2047	0	0	0	0
937	1021	1432	2047	0	0	0	0
926	1010	1440	2047	0	0	0	0
915	999	1448	2047	0	0	0	0
904	987	1456	2047	0	0	0	0
892	976	1464	2047	0	0	0	0
881	965	1472	2047	0	0	0	0
870	953	1480	2047	0	0	0	0
858	942	1488	2047	0	0	0	0
847	930	1496	2047	0	0	0	0
836	919	1504	2047	0	0	0	0
824	907	1512	2047	0	0	0	0
813	895	1520	2047	0	0	0	0
801	883	1528	2047	0	0	0	0
789	872	1536	2047	0	0	0	0
778	860	1544	2047	0	0	0	0
766	848	1552	2047	0	0	0	0
755	836	1560	2047	0	0	0	0
743	823	1568	2047	0	0	0	0
731	811	1576	2047	0	0	0	0
719	799	1584	2047	0	0	0	0
708	787	1592	2047	0	0	0	0
696	774	1600	2047	0	0	0	0
684	762	1608	2047	0	0	0	0
672	750	1616	2047	0	0	0	0
660	737	1624	2047	0	0	0	0
648	724	1631	2047	0	0	0	0
636	712	1639	2047	0	0	0	0
625	699	1647	2047	0	0	0	0
613	686	1655	2047	0	0	0	0
601	673	1663	2047	0	0	0	0
589	660	1671	2047	0	0	0	0
577	648	1679	2047	0	0	0	0
564	634	1687	2047	0	0	0	0
552	621	1695	2047	0	0	0	0
540	608	1703	2047	0	0	0	0
528	595	1711	2047	0	0	0	0
516	582	1719	2047	0	0	0	0
504	568	1727	2047	0	0	0	0
492	555	1735	2047	0	0	0	0
479	542	1743	2047	0	0	0	0
467	528	1751	2047	0	0	0	0
455	514	1759	2047	0	0	0	0
443	501	1767	2047	0	0	0	0
430	487	1775	2047	0	0	0	0
418	473	1783	2047	0	0	0	0
406	459	1791	2047	0	0	0	0
394	446	1799	2047	0	0	0	0
381	432	1807	2047	0	0	0	0
369	418	1815	2047	0	0	0	0
357	403	1823	2047	0	0	0	0
344	389	1831	2047	0	0	0	0
332	375	1839	2047	0	0	0	0
319	361	1847	2047	0	0	0	0
307	346	1855	2047	0	0	0	0
295	332	1863	2047	0	0	0	0
282	318	1871	2047	0	0	0	0
270	303	1879	2047	0	0	0	0
257	289	1887	2047	0	0	0	0
245	274	1895	2047	0	0	0	0
232	259	1903	2047	0	0	0	0
220	244	1911	2047	0	0	0	0
207	230	1919	2047	0	0	0	0
195	215	1927	2047	0	0	0	0
182	200	1935	2047	0	0	0	0
170	185	1943	2047	0	0	0	0
157	170	1951	2047	0	0	0	0
145	155	1959	2047	0	0	0	0
132	139	1967	2047	0	0	0	0
120	124	1975	2047	0	0	0	0
107	109	1983	2047	0	0	0	0
95	93	1991	2047	0	0	0	0
82	78	1999	2047	0	0	0	0
70	62	2007	2047	0	0	0	0
57	47	2015	2047	0	0	0	0
44	31	2023	2047	0	0	0	0
32	15	2031	2047	0	0	0	0
19	0	2039	2047	0	0	0	0
7	-16	2047	2047	0	0	0	0
-6	-32	2039	-2046	-2046	-2046	-2046	-2046
-18	-48	2031	-2046	-2046	-2046	-2046	-2046
-31	-63	2023	-2046	-2046	-2046	-2046	-2046
-43	-79	2015	-2046	-2046	-2046	-2046	-2046
-56	-95	2007	-2046	-2046	-2046	-2046	-2046
-69	-110	1999	-2046	-2046	-2046	-2046	-2046
-81	-126	1991	-2046	-2046	-2046	-2046	-2046
-94	-141	1983	-2046	-2046	-2046	-2046	-2046
-106	-156	1975	-2046	-2046	-2046	-2046	-2046
-119	-171	1967	-2046	-2046	-2046	-2046	-2046
-131	-187	1959	-2046	-2046	-2046	-2046	-2046
-144	-202	1951	-2046	-2046	-2046	-2046	-2046
-156	-217	1943	-2046	-2046	-2046	-2046	-2046
-169	-232	1935	-2046	-2046	-2046	-2046	-2046
-181	-247	1927	-2046	-2046	-2046	-2046	-2046
-194	-262	1919	-2046	-2046	-2046	-2046	-2046
-206	-277	1911	-2046	-2046	-2046	-2046	-2046
-219	-291	1903	-2046	-2046	-2046	-2046	-2046
-231	-306	1895	-2046	-2046	-2046	-2046	-2046
-244	-321	1887	-2046	-2046	-2046	-2046	-2046
-256	-335	1879	-2046	-2046	-2046	-2046	-2046
-269	-350	1871	-2046	-2046	-2046	-2046	-2046
-281	-364	1863	-2046	-2046	-2046	-2046	-2046
-294	-379	1855	-2046	-2046	-2046	-2046	-2046
-306	-393	1847	-2046	-2046	-2046	-2046	-2046
-318	-407	1839	-2046	-2046	-2046	-2046	0
-331	-421	1831	-2046	-2046	-2046	-2046	0
-343	-436	1823	-2046	-2046	-2046	-2046	0
-356	-450	1815	-2046	-2046	-2046	-2046	0
-368	-464	1807	-2046	-2046	-2046	-2046	0
-380	-478	1799	-2046	-2046	-2046	-2046	0
-393	-492	1791	-2046	-2046	-2046	-2046	0
-405	-505	1783	-2046	-2046	-2046	-2046	0
-417	-519	1775	-2046	-2046	-2046	-2046	0
-429	-533	1767	-2046	-2046	-2046	-2046	0
-442	-547	1759	-2046	-2046	-2046	-2046	0
-454	-560	1751	-2046	-2046	-2046	-2046	0
-466	-574	1743	-2046	-2046	-2046	-2046	0
-478	-587	1735	-2046	-2046	-2046	-2046	0
-491	-601	1727	-2046	-2046	-2046	-2046	0
-503	-614	1719	-2046	-2046	-2046	-2046	0
-515	-627	1711	-2046	-2046	-2046	-2046	0
-527	-640	1703	-2046	-2046	-2046	-2046	0
-539	-654	1695	-2046	-2046	-2046	-2046	0
-551	-667	1687	-2046	-2046	-2046	-2046	0
-563	-680	1679	-2046	-2046	-2046	-2046	0
-576	-693	1671	-2046	-2046	-2046	-2046	0
-588	-706	1663	-2046	-2046	-2046	-2046	0
-600	-718	1655	-2046	-2046	-2046	-2046	0
-612	-731	1647	-2046	-2046	-2046	-2046	0
-624	-744	1639	-2046	-2046	-2046	-2046	0
-635	-757	1631	-2046	-2046	-2046	-2046	0
-647	-769	1624	-2046	-2046	-2046	-2046	0
-659	-782	1616	-2046	-2046	-2046	-2046	0
-671	-794	1608	-2046	-2046	-2046	-2046	0
-683	-807	1600	-2046	-2046	-2046	-2046	0
-695	-819	1592	-2046	-2046	-2046	-2046	0
-707	-831	1584	-2046	-2046	-2046	-2046	0
-718	-843	1576	-2046	-2046	-2046	-2046	0
-730	-856	1568	-2046	-2046	-2046	-2046	0
-742	-868	1560	-2046	-2046	-2046	-2046	0
-754	-880	1552	-2046	-2046	-2046	-2046	0
-765	-892	1544	-2046	-2046	-2046	-2046	0
-777	-904	1536	-2046	-2046	-2046	-2046	0
-788	-916	1528	-2046	-2046	-2046	-2046	0
-800	-927	1520	-2046	-2046	-2046	-2046	0
-812	-939	1512	-2046	-2046	-2046	-2046	0
-823	-951	1504	-2046	-2046	-2046	-2046	0
-835	-962	1496	-2046	-2046	-2046	-2046	0
-846	-974	1488	-2046	-2046	-2046	-2046	0
-857	-985	1480	-2046	-2046	-2046	-2046	0
-869	-997	1472	-2046	-2046	-2046	-2046	0
-880	-1008	1464	-2046	-2046	-2046	-2046	0
-891	-1019	1456	-2046	-2046	-2046	-2046	0
-903	-1031	1448	-2046	-2046	-2046	-2046	0
-914	-1042	1440	-2046	-2046	-2046	-2046	0
-925	-1053	1432	-2046	-2046	-2046	-2046	0
-936	-1064	1424	-2046	-2046	-2046	-2046	0
-948	-1075	1416	-2046	-2046	-2046	-2046	0
-959	-1086	1408	-2046	-2046	-2046	-2046	0
-970	-1097	1400	-2046	-2046	-2046	-2046	0
-981	-1108	1392	-2046	-2046	-2046	-2046	0
-992	-1118	1384	-2046	-2046	-2046	-2046	0
-1003	-1129	1376	-2046	-2046	-2046	-2046	0
-1014	-1140	1368	-2046	-2046	-2046	-2046	0
-1025	-1150	1360	-2046	-2046	-2046	-2046	0
-1035	-1161	1352	-2046	-2046	-2046	-2046	0
-1046	-1171	1344	-2046	-2046	-2046	-2046	0
-1057	-1182	1336	-2046	-2046	-2046	-2046	0
-1068	-1192	1328	-2046	-2046	-2046	-2046	0
-1078	-1202	1320	-2046	-2046	-2046	-2046	0
-1089	-1212	1312	-2046	-2046	-2046	-2046	0
-1100	-1222	1304	-2046	-2046	-2046	-2046	0
-1110	-1232	1296	-2046	-2046	-2046	-2046	0
-1121	-1242	1288	-2046	-2046	-2046	-2046	0
-1131	-1252	1280	-2046	-2046	-2046	-2046	0
-1142	-1262	1272	-2046	-2046	-2046	-2046	0
-1152	-1272	1264	-2046	-2046	-2046	-2046	0
-1162	-1282	1256	-2046	-2046	-2046	-2046	0
-1173	-1292	1248	-2046	-2046	-2046	-2046	0
-1183	-1301	1240	-2046	-2046	-2046	-2046	0
-1193	-1311	1232	-2046	-2046	-2046	-2046	0
-1203	-1320	1224	-2046	-2046	-2046	-2046	0
-1214	-1330	1216	-2046	-2046	-2046	-2046	0
-1224	-1339	1208	-2046	-2046	-2046	-2046	0
-1234	-1348	1200	-2046	-2046	-2046	-2046	0
-1244	-1358	1192	-2046	-2046	-2046	-2046	0
-1254	-1367	1184	-2046	-2046	-2046	-2046	0
-1264	-1376	1176	-2046	-2046	-2046	-2046	0
-1273	-1385	1168	-2046	-2046	-2046	-2046	0
-1283	-1394	1160	-2046	-2046	-2046	-2046	0
-1293	-1403	1152	-2046	-2046	-2046	-2046	0
-1303	-1412	1144	-2046	-2046	-2046	-2046	0
-1312	-1421	1136	-2046	-2046	-2046	-2046	0
-1322	-1429	1128	-2046	-2046	-2046	-2046	0
-1331	-1438	1120	-2046	-2046	-2046	-2046	0
-1341	-1447	1112	-2046	-2046	-2046	-2046	0
-1350	-1455	1104	-2046	-2046	-2046	-2046	0
-1360	-1464	1096	-2046	-2046	-2046	-2046	0
-1369	-1472	1088	-2046	-2046	-2046	-2046	0
-1378	-1481	1080	-2046	-2046	-2046	-2046	0
-1388	-1489	1072	-2046	-2046	-2046	-2046	0
-1397	-1497	1064	-2046	-2046	-2046	-2046	0
-1406	-1506	1056	-2046	-2046	-2046	-2046	0
-1415	-1514	1048	-2046	-2046	-2046	-2046	0
-1424	-1522	1040	-2046	-2046	-2046	-2046	0
-1433	-1530	1032	-2046	-2046	-2046	-2046	0
-1442	-1538	1024	-2046	-2046	-2046	-2046	0
-1451	-1546	1016	-2046	-2046	-2046	-2046	0
-1460	-1553	1008	-2046	-2046	-2046	-2046	0
-1469	-1561	1000	-2046	-2046	-2046	-2046	0
-1477	-1569	992	-2046	-2046	-2046	-2046	0
-1486	-1577	984	-2046	-2046	-2046	-2046	0
-1495	-1584	976	-2046	-2046	-2046	-2046	0
-1503	-1592	968	-2046	-2046	-2046	-2046	0
-1512	-1599	960	-2046	-2046	-2046	-2046	0
-1520	-1607	952	-2046	-2046	-2046	-2046	0
-1528	-1614	944	-2046	-2046	-2046	-2046	0
-1537	-1621	936	-2046	-2046	-2046	-2046	0
-1545	-1628	928	-2046	-2046	-2046	-2046	0
-1553	-1636	920	-2046	-2046	-2046	0	0
-1561	-1643	912	-2046	-2046	-2046	0	0
-1569	-1650	904	-2046	-2046	-2046	0	0
-1577	-1657	896	-2046	-2046	-2046	0	0
-1585	-1664	888	-2046	-2046	-2046	0	0
-1593	-1670	880	-2046	-2046	-2046	0	0
-1601	-1677	872	-2046	-2046	-2046	0	0
-1609	-1684	864	-2046	-2046	-2046	0	0
-1617	-1691	856	-2046	-2046	-2046	0	0
-1624	-1697	848	-2046	-2046	-2046	0	0
-1632	-1704	840	-2046	-2046	-2046	0	0
-1640	-1710	832	-2046	-2046	-2046	0	0
-1647	-1717	824	-2046	-2046	-2046	0	0
-1654	-1723	816	-2046	-2046	-2046	0	0
-1662	-1729	808	-2046	-2046	-2046	0	0
-1669	-1735	800	-2046	-2046	-2046	0	0
-1676	-1742	792	-2046	-2046	-2046	0	0
-1683	-1748	784	-2046	-2046	-2046	0	0
-1691	-1754	776	-2046	-2046	-2046	0	0
-1698	-1760	768	-2046	-2046	-2046	0	0
-1705	-1766	760	-2046	-2046	-2046	0	0
-1711	-1771	752	-2046	-2046	-2046	0	0
-1718	-1777	744	-2046	-2046	-2046	0	0
-1725	-1783	736	-2046	-2046	-2046	0	0
-1732	-1789	728	-2046	-2046	-2046	0	0
-1738	-1794	720	-2046	-2046	-2046	0	0
-1745	-1800	712	-2046	-2046	-2046	0	0
-1752	-1805	704	-2046	-2046	-2046	0	0
-1758	-1811	696	-2046	-2046	-2046	0	0
-1764	-1816	688	-2046	-2046	-2046	0	0
-1771	-1821	680	-2046	-2046	-2046	0	0
-1777	-1827	672	-2046	-2046	-2046	0	0
-1783	-1832	664	-2046	-2046	-2046	0	0
-1789	-1837	656	-2046	-2046	-2046	0	0
-1795	-1842	648	-2046	-2046	-2046	0	0
-1801	-1847	640	-2046	-2046	-2046	0	0
-1807	-1852	632	-2046	-2046	-2046	0	0
-1813	-1857	624	-2046	-2046	-2046	0	0
-1819	-1861	616	-2046	-2046	-2046	0	0
-1825	-1866	608	-2046	-2046	-2046	0	0
-1830	-1871	600	-2046	-2046	-2046	0	0
-1836	-1875	592	-2046	-2046	-2046	0	0
-1841	-1880	584	-2046	-2046	-2046	0	0
-1847	-1884	576	-2046	-2046	-2046	0	0
-1852	-1889	568	-2046	-2046	-2046	0	0
-1857	-1893	560	-2046	-2046	-2046	0	0
-1863	-1898	552	-2046	-2046	-2046	0	0
-1868	-1902	544	-2046	-2046	-2046	0	0
-1873	-1906	536	-2046	-2046	-2046	0	0
-1878	-1910	528	-2046	-2046	-2046	0	0
-1883	-1914	520	-2046	-2046	-2046	0	0
-1888	-1918	512	-2046	-2046	-2046	0	0
-1893	-1922	504	-2046	-2046	-2046	0	0
-1897	-1926	496	-2046	-2046	-2046	0	0
-1902	-1930	488	-2046	-2046	-2046	0	0
-1907	-1934	480	-2046	-2046	-2046	0	0
-1911	-1937	472	-2046	-2046	-2046	0	0
-1916	-1941	464	-2046	-2046	-2046	0	0
-1920	-1944	456	-2046	-2046	-2046	0	0
-1924	-1948	448	-2046	-2046	-2046	0	0
-1928	-1951	440	-2046	-2046	-2046	0	0
-1933	-1955	432	-2046	-2046	-2046	0	0
-1937	-1958	424	-2046	-2046	-2046	0	0
-1941	-1961	416	-2046	-2046	-2046	0	0
-1945	-1964	408	-2046	-2046	-2046	0	0
-1949	-1968	400	-2046	-2046	-2046	0	0
-1952	-1971	392	-2046	-2046	-2046	0	0
-1956	-1974	384	-2046	-2046	-2046	0	0
-1960	-1977	376	-2046	-2046	-2046	0	0
-1963	-1979	368	-2046	-2046	-2046	0	0
-1967	-1982	360	-2046	-2046	-2046	0	0
-1970	-1985	352	-2046	-2046	-2046	0	0
-1974	-1988	344	-2046	-2046	-2046	0	0
-1977	-1990	336	-2046	-2046	-2046	0	0
-1980	-1993	328	-2046	-2046	-2046	0	0
-1983	-1995	320	-2046	-2046	-2046	0	0
-1986	-1998	312	-2046	-2046	-2046	0	0
-1989	-2000	304	-2046	-2046	-2046	0	0
-1992	-2003	296	-2046	-2046	-2046	0	0
-1995	-2005	288	-2046	-2046	-2046	0	0
-1998	-2007	280	-2046	-2046	-2046	0	0
-2000	-2009	272	-2046	-2046	-2046	0	0
-2003	-2011	264	-2046	-2046	-2046	0	0
-2005	-2013	257	-2046	-2046	-2046	0	0
-2008	-2015	249	-2046	-2046	-2046	0	0
-2010	-2017	241	-2046	-2046	-2046	0	0
-2013	-2019	233	-2046	-2046	-2046	0	0
-2015	-2021	225	-2046	-2046	-2046	0	0
-2017	-2022	217	-2046	-2046	-2046	0	0
-2019	-2024	209	-2046	-2046	-2046	0	0
-2021	-2026	201	-2046	-2046	-2046	0	0
-2023	-2027	193	-2046	-2046	-2046	0	0
-2025	-2029	185	-2046	-2046	-2046	0	0
-2027	-2030	177	-2046	-2046	-2046	0	0
-2028	-2031	169	-2046	-2046	-2046	0	0
-2030	-2033	161	-2046	-2046	-2046	0	0
-2031	-2034	153	-2046	-2046	-2046	0	0
-2033	-2035	145	-2046	-2046	-2046	0	0
-2034	-2036	137	-2046	-2046	-2046	0	0
-2036	-2037	129	-2046	-2046	-2046	0	0
-2037	-2038	121	-2046	-2046	-2046	0	0
-2038	-2039	113	-2046	-2046	-2046	0	0
-2039	-2040	105	-2046	-2046	-2046	0	0
-2040	-2041	97	-2046	-2046	-2046	0	0
-2041	-2041	89	-2046	-2046	-2046	0	0
-2042	-2042	81	-2046	-2046	-2046	0	0
-2043	-2043	73	-2046	-2046	-2046	0	0
-2043	-2043	65	-2046	-2046	-2046	0	0
-2044	-2044	57	-2046	-2046	-2046	0	0
-2044	-2044	49	-2046	-2046	-2046	0	0
-2045	-2044	41	-2046	-2046	-2046	0	0
-2045	-2045	33	-2046	-2046	-2046	0	0
-2046	-2045	25	-2046	-2046	-2046	0	0
-2046	-2045	17	-2046	-2046	-2046	0	0
-2046	-2045	9	-2046	-2046	-2046	0	0
-2046	-2045	1	-2046	-2046	-2046	0	0
-2046	-2045	-7	-2046	-2046	0	0	0
-2046	-2045	-15	-2046	-2046	0	0	0
-2046	-2045	-23	-2046	-2046	0	0	0
-2046	-2045	-31	-2046	-2046	0	0	0
-2045	-2044	-39	-2046	-2046	0	0	0
-2045	-2044	-47	-2046	-2046	0	0	0
-2044	-2044	-55	-2046	-2046	0	0	0
-2044	-2043	-63	-2046	-2046	0	0	0
-2043	-2043	-71	-2046	-2046	0	0	0
-2043	-2042	-79	-2046	-2046	0	0	0
-2042	-2041	-87	-2046	-2046	0	0	0
-2041	-2041	-95	-2046	-2046	0	0	0
-2040	-2040	-103	-2046	-2046	0	0	0
-2039	-2039	-111	-2046	-2046	0	0	0
-2038	-2038	-119	-2046	-2046	0	0	0
-2037	-2037	-127	-2046	-2046	0	0	0
-2036	-2036	-135	-2046	-2046	0	0	0
-2034	-2035	-143	-2046	-2046	0	0	0
-2033	-2034	-151	-2046	-2046	0	0	0
-2031	-2033	-159	-2046	-2046	0	0	0
-2030	-2031	-167	-2046	-2046	0	0	0
-2028	-2030	-175	-2046	-2046	0	0	0
-2027	-2029	-183	-2046	-2046	0	0	0
-2025	-2027	-191	-2046	-2046	0	0	0
-2023	-2026	-199	-2046	-2046	0	0	0
-2021	-2024	-207	-2046	-2046	0	0	0
-2019	-2023	-215	-2046	-2046	0	0	0
-2017	-2021	-223	-2046	-2046	0	0	0
-2015	-2019	-231	-2046	-2046	0	0	0
-2013	-2017	-239	-2046	-2046	0	0	0
-2010	-2015	-247	-2046	-2046	0	0	0
-2008	-2013	-255	-2046	-2046	0	0	0
-2005	-2011	-263	-2046	-2046	0	0	0
-2003	-2009	-271	-2046	-2046	0	0	0
-2000	-2007	-279	-2046	-2046	0	0	0
-1998	-2005	-287	-2046	-2046	0	0	0
-1995	-2003	-295	-2046	-2046	0	0	0
-1992	-2000	-303	-2046	-2046	0	0	0
-1989	-1998	-311	-2046	-2046	0	0	0
-1986	-1996	-319	-2046	-2046	0	0	0
-1983	-1993	-327	-2046	-2046	0	0	0
-1980	-1991	-335	-2046	-2046	0	0	0
-1977	-1988	-343	-2046	-2046	0	0	0
-1974	-1985	-351	-2046	-2046	0	0	0
-1970	-1982	-359	-2046	-2046	0	0	0
-1967	-1980	-367	-2046	-2046	0	0	0
-1963	-1977	-375	-2046	-2046	0	0	0
-1960	-1974	-383	-2046	-2046	0	0	0
-1956	-1971	-391	-2046	-2046	0	0	0
-1952	-1968	-399	-2046	-2046	0	0	0
-1949	-1965	-407	-2046	-2046	0	0	0
-1945	-1961	-415	-2046	-2046	0	0	0
-1941	-1958	-423	-2046	-2046	0	0	0
-1937	-1955	-431	-2046	-2046	0	0	0
-1933	-1951	-439	-2046	-2046	0	0	0
-1928	-1948	-447	-2046	-2046	0	0	0
-1924	-1945	-455	-2046	-2046	0	0	0
-1920	-1941	-463	-2046	-2046	0	0	0
-1916	-1937	-471	-2046	-2046	0	0	0
-1911	-1934	-479	-2046	-2046	0	0	0
-1907	-1930	-487	-2046	-2046	0	0	0
-1902	-1926	-495	-2046	-2046	0	0	0
-1897	-1922	-503	-2046	-2046	0	0	0
-1893	-1918	-511	-2046	-2046	0	0	0
-1888	-1914	-519	-2046	-2046	0	0	0
-1883	-1910	-527	-2046	-2046	0	0	0
-1878	-1906	-535	-2046	-2046	0	0	0
-1873	-1902	-543	-2046	-2046	0	0	0
-1868	-1898	-551	-2046	-2046	0	0	0
-1863	-1893	-559	-2046	-2046	0	0	0
-1857	-1889	-567	-2046	-2046	0	0	0
-1852	-1885	-575	-2046	-2046	0	0	0
-1847	-1880	-583	-2046	-2046	0	0	0
-1841	-1876	-591	-2046	-2046	0	0	0
-1836	-1871	-599	-2046	-2046	0	0	0
-1830	-1866	-607	-2046	-2046	0	0	0
-1825	-1862	-615	-2046	-2046	0	0	0
-1819	-1857	-623	-2046	-2046	0	0	0
-1813	-1852	-631	-2046	-2046	0	0	0
-1807	-1847	-639	-2046	-2046	0	0	0
-1801	-1842	-647	-2046	-2046	0	0	0
-1795	-1837	-655	-2046	-2046	0	0	0
-1789	-1832	-663	-2046	-2046	0	0	0
-1783	-1827	-671	-2046	-2046	0	0	0
-1777	-1822	-679	-2046	-2046	0	0	0
-1771	-1816	-687	-2046	-2046	0	0	0
-1764	-1811	-695	-2046	-2046	0	0	0
-1758	-1805	-703	-2046	-2046	0	0	0
-1752	-1800	-711	-2046	-2046	0	0	0
-1745	-1794	-719	-2046	-2046	0	0	0
-1738	-1789	-727	-2046	-2046	0	0	0
-1732	-1783	-735	-2046	-2046	0	0	0
-1725	-1777	-743	-2046	-2046	0	0	0
-1718	-1772	-751	-2046	-2046	0	0	0
-1711	-1766	-759	-2046	-2046	0	0	0
-1705	-1760	-767	-2046	-2046	0	0	0
-1698	-1754	-775	-2046	-2046	0	0	0
-1691	-1748	-783	-2046	-2046	0	0	0
-1683	-1742	-791	-2046	-2046	0	0	0
-1676	-1736	-799	-2046	-2046	0	0	0
-1669	-1729	-807	-2046	-2046	0	0	0
-1662	-1723	-815	-2046	-2046	0	0	0
-1654	-1717	-823	-2046	-2046	0	0	0
-1647	-1710	-831	-2046	-2046	0	0	0
-1640	-1704	-839	-2046	-2046	0	0	0
-1632	-1697	-847	-2046	-2046	0	0	0
-1624	-1691	-855	-2046	-2046	0	0	0
-1617	-1684	-863	-2046	-2046	0	0	0
-1609	-1677	-871	-2046	-2046	0	0	0
-1601	-1671	-879	-2046	-2046	0	0	0
-1593	-1664	-887	-2046	-2046	0	0	0
-1585	-1657	-895	-2046	-2046	0	0	0
-1577	-1650	-903	-2046	-2046	0	0	0
-1569	-1643	-911	-2046	-2046	0	0	0
-1561	-1636	-919	-2046	-2046	0	0	0
-1553	-1629	-927	-2046	-2046	0	0	0
-1545	-1621	-935	-2046	-2046	0	0	0
-1537	-1614	-943	-2046	-2046	0	0	0
-1528	-1607	-951	-2046	-2046	0	0	0
-1520	-1599	-959	-2046	-2046	0	0	0
-1512	-1592	-967	-2046	-2046	0	0	0
-1503	-1585	-975	-2046	-2046	0	0	0
-1495	-1577	-983	-2046	-2046	0	0	0
-1486	-1569	-991	-2046	-2046	0	0	0
-1477	-1562	-999	-2046	-2046	0	0	0
-1469	-1554	-1007	-2046	-2046	0	0	0
-1460	-1546	-1015	-2046	-2046	0	0	0
-1451	-1538	-1023	-2046	-2046	0	0	0
-1442	-1530	-1031	-2046	0	0	0	0
-1433	-1522	-1039	-2046	0	0	0	0
-1424	-1514	-1047	-2046	0	0	0	0
-1415	-1506	-1055	-2046	0	0	0	0
-1406	-1498	-1063	-2046	0	0	0	0
-1397	-1489	-1071	-2046	0	0	0	0
-1388	-1481	-1079	-2046	0	0	0	0
-1378	-1473	-1087	-2046	0	0	0	0
-1369	-1464	-1095	-2046	0	0	0	0
-1360	-1456	-1102	-2046	0	0	0	0
-1350	-1447	-1110	-2046	0	0	0	0
-1341	-1439	-1118	-2046	0	0	0	0
-1331	-1430	-1126	-2046	0	0	0	0
-1322	-1421	-1134	-2046	0	0	0	0
-1312	-1412	-1142	-2046	0	0	0	0
-1303	-1403	-1150	-2046	0	0	0	0
-1293	-1394	-1158	-2046	0	0	0	0
-1283	-1385	-1166	-2046	0	0	0	0
-1273	-1376	-1174	-2046	0	0	0	0
-1264	-1367	-1182	-2046	0	0	0	0
-1254	-1358	-1190	-2046	0	0	0	0
-1244	-1349	-1198	-2046	0	0	0	0
-1234	-1339	-1206	-2046	0	0	0	0
-1224	-1330	-1214	-2046	0	0	0	0
-1214	-1321	-1222	-2046	0	0	0	0
-1203	-1311	-1230	-2046	0	0	0	0
-1193	-1302	-1238	-2046	0	0	0	0
-1183	-1292	-1246	-2046	0	0	0	0
-1173	-1282	-1254	-2046	0	0	0	0
-1162	-1273	-1262	-2046	0	0	0	0
-1152	-1263	-1270	-2046	0	0	0	0
-1142	-1253	-1278	-2046	0	0	0	0
-1131	-1243	-1286	-2046	0	0	0	0
-1121	-1233	-1294	-2046	0	0	0	0
-1110	-1223	-1302	-2046	0	0	0	0
-1100	-1213	-1310	-2046	0	0	0	0
-1089	-1203	-1318	-2046	0	0	0	0
-1078	-1192	-1326	-2046	0	0	0	0
-1068	-1182	-1334	-2046	0	0	0	0
-1057	-1172	-1342	-2046	0	0	0	0
-1046	-1161	-1350	-2046	0	0	0	0
-1035	-1151	-1358	-2046	0	0	0	0
-1025	-1140	-1366	-2046	0	0	0	0
-1014	-1130	-1374	-2046	0	0	0	0
-1003	-1119	-1382	-2046	0	0	0	0
-992	-1108	-1390	-2046	0	0	0	0
-981	-1097	-1398	-2046	0	0	0	0
-970	-1086	-1406	-2046	0	0	0	0
-959	-1076	-1414	-2046	0	0	0	0
-948	-1065	-1422	-2046	0	0	0	0
-936	-1054	-1430	-2046	0	0	0	0
-925	-1042	-1438	-2046	0	0	0	0
-914	-1031	-1446	-2046	0	0	0	0
-903	-1020	-1454	-2046	0	0	0	0
-891	-1009	-1462	-2046	0	0	0	0
-880	-997	-1470	-2046	0	0	0	0
-869	-986	-1478	-2046	0	0	0	0
-857	-974	-1486	-2046	0	0	0	0
-846	-963	-1494	-2046	0	0	0	0
-835	-951	-1502	-2046	0	0	0	0
-823	-940	-1510	-2046	0	0	0	0
-812	-928	-1518	-2046	0	0	0	0
-800	-916	-1526	-2046	0	0	0	0
-788	-904	-1534	-2046	0	0	0	0
-777	-892	-1542	-2046	0	0	0	0
-765	-880	-1550	-2046	0	0	0	0
-754	-868	-1558	-2046	0	0	0	0
-742	-856	-1566	-2046	0	0	0	0
-730	-844	-1574	-2046	0	0	0	0
-718	-832	-1582	-2046	0	0	0	0
-707	-820	-1590	-2046	0	0	0	0
-695	-807	-1598	-2046	0	0	0	0
-683	-795	-1606	-2046	0	0	0	0
-671	-782	-1614	-2046	0	0	0	0
-659	-770	-1622	-2046	0	0	0	0
-647	-757	-1630	-2046	0	0	0	0
-635	-745	-1638	-2046	0	0	0	0
-624	-732	-1646	-2046	0	0	0	0
-612	-719	-1654	-2046	0	0	0	0
-600	-706	-1662	-2046	0	0	0	0
-588	-693	-1670	-2046	0	0	0	0
-576	-680	-1678	-2046	0	0	0	0
-563	-667	-1686	-2046	0	0	0	0
-551	-654	-1694	-2046	0	0	0	0
-539	-641	-1702	-2046	0	0	0	0
-527	-628	-1710	-2046	0	0	0	0
-515	-615	-1718	-2046	0	0	0	0
-503	-601	-1726	-2046	0	0	0	0
-491	-588	-1734	-2046	0	0	0	0
-478	-574	-1742	-2046	0	0	0	0
-466	-561	-1750	-2046	0	0	0	0
-454	-547	-1758	-2046	0	0	0	0
-442	-534	-1766	-2046	0	0	0	0
-429	-520	-1774	-2046	0	0	0	0
-417	-506	-1782	-2046	0	0	0	0
-405	-492	-1790	-2046	0	0	0	0
-393	-478	-1798	-2046	0	0	0	0
-380	-464	-1806	-2046	0	0	0	0
-368	-450	-1814	-2046	0	0	0	0
-356	-436	-1822	-2046	0	0	0	0
-343	-422	-1830	-2046	0	0	0	0
-331	-408	-1838	-2046	0	0	0	0
-318	-394	-1846	-2046	0	0	0	0
-306	-379	-1854	-2046	0	0	0	0
-294	-365	-1862	-2046	0	0	0	0
-281	-350	-1870	-2046	0	0	0	0
-269	-336	-1878	-2046	0	0	0	0
-256	-321	-1886	-2046	0	0	0	0
-244	-307	-1894	-2046	0	0	0	0
-231	-292	-1902	-2046	0	0	0	0
-219	-277	-1910	-2046	0	0	0	0
-206	-262	-1918	-2046	0	0	0	0
-194	-248	-1926	-2046	0	0	0	0
-181	-233	-1934	-2046	0	0	0	0
-169	-218	-1942	-2046	0	0	0	0
-156	-203	-1950	-2046	0	0	0	0
-144	-187	-1958	-2046	0	0	0	0
-131	-172	-1966	-2046	0	0	0	0
-119	-157	-1974	-2046	0	0	0	0
-106	-142	-1982	-2046	0	0	0	0
-94	-126	-1990	-2046	0	0	0	0
-81	-111	-1998	-2046	0	0	0	0
-69	-95	-2006	-2046	0	0	0	0
-56	-80	-2014	-2046	0	0	0	0
-43	-64	-2022	-2046	0	0	0	0
-31	-48	-2030	-2046	0	0	0	0
-18	-33	-2038	-2046	0	0	0	0
-6	-17	-2046	-2046	0	0	0	0